0   1 0.5 0.2  0.1 0.2 0.3   0.07 0.15 1.43776
1   1.05981 0.678029 0.476745  0.0219141 0.155555 0.248873   0.0433076 0.15 1.51379
2   1.04844 0.810864 0.69209  -0.0425235 0.110182 0.180213   0.0232125 0.15 1.55364
3   0.978449 0.898555 0.835157  -0.0959009 0.0652337 0.105245   0.0122644 0.15 1.55632
4   0.859302 0.94119 0.90139  -0.14126 0.0198387 0.0266088   0.010528 0.15 1.51848
5   0.697921 0.937531 0.886937  -0.180598 -0.0276765 -0.0563717   0.0182797 0.15 1.44149
6   0.499879 0.884401 0.786645  -0.214549 -0.0795136 -0.145318   0.0367354 0.15 1.33688
7   0.2711 0.776209 0.594277  -0.241516 -0.138203 -0.240029   0.0675221 0.15 1.23238
8   0.0212546 0.605402 0.308248  -0.254942 -0.204298 -0.328469   0.107313 0.15 1.16416
9   -0.229638 0.368865 -0.0450949  -0.241226 -0.265723 -0.363537   0.130479 0.15 1.1269
10   -0.451065 0.0850436 -0.385948  -0.198235 -0.295171 -0.304823   0.10967 0.15 1.09974
11   -0.623111 -0.209678 -0.640295  -0.145687 -0.289751 -0.201602   0.072912 0.15 1.14103
12   -0.743148 -0.487845 -0.789415  -0.0949513 -0.264176 -0.097986   0.0442029 0.15 1.25582
13   -0.8141 -0.73423 -0.839576  -0.0474152 -0.227016 -0.00404269   0.0269004 0.15 1.3902
14   -0.838674 -0.938971 -0.800745  -0.00196277 -0.181051 0.0801702   0.0196054 0.15 1.50494
15   -0.818277 -1.09339 -0.682255  0.0427234 -0.126224 0.155246   0.0209297 0.15 1.58319
16   -0.753172 -1.18798 -0.493829  0.0875385 -0.0610825 0.219434   0.0297726 0.15 1.61787
17   -0.643212 -1.21159 -0.249127  0.132234 0.0158791 0.266157   0.0442888 0.15 1.60252
18   -0.489634 -1.15266 0.0283094  0.174006 0.10328 0.282259   0.0603076 0.15 1.52723
19   -0.298244 -1.00426 0.300316  0.206617 0.192782 0.253648   0.0720962 0.15 1.38921
20   -0.0817721 -0.771009 0.520239  0.223258 0.270677 0.179514   0.0776678 0.15 1.21555
21   0.141795 -0.470511 0.648895  0.220574 0.325947 0.0740926   0.0801921 0.15 1.06637
22   0.35282 -0.128578 0.663925  0.198254 0.352896 -0.0448655   0.0829265 0.15 1.02222
23   0.532051 0.224769 0.560464  0.157237 0.348354 -0.159779   0.0858017 0.15 1.11608
24   0.662017 0.557195 0.352773  0.100574 0.31123 -0.249342   0.0845754 0.15 1.28135
25   0.730653 0.8381 0.0778743  0.03644 0.247095 -0.291263   0.0736089 0.15 1.43807
26   0.736382 1.0472 -0.211957  -0.0234485 0.170353 -0.280687   0.0541776 0.15 1.54145
27   0.687547 1.17915 -0.471668  -0.0722145 0.0943179 -0.234538   0.0345594 0.15 1.58876
28   0.595738 1.23776 -0.67517  -0.109685 0.0238951 -0.170452   0.0208278 0.15 1.58915
29   0.471252 1.22871 -0.809535  -0.137906 -0.0412663 -0.0970524   0.0150701 0.15 1.54664
30   0.322472 1.15637 -0.866991  -0.158444 -0.103017 -0.0167097   0.0179982 0.15 1.46369
31   0.156798 1.02318 -0.840458  -0.17162 -0.163252 0.0711494   0.0305835 0.15 1.34862
32   -0.0178483 0.829931 -0.721754  -0.175937 -0.223222 0.167726   0.054457 0.15 1.22493
33   -0.190653 0.577113 -0.502938  -0.166821 -0.281797 0.269878   0.0900363 0.15 1.13785
34   -0.344162 0.269792 -0.187937  -0.135844 -0.329352 0.352357   0.125541 0.15 1.11903
35   -0.454422 -0.0699832 0.174151  -0.0822972 -0.342764 0.354445   0.124946 0.15 1.127
36   -0.508646 -0.402269 0.49309  -0.0277995 -0.316886 0.275488   0.0885418 0.15 1.15731
37   -0.514219 -0.697557 0.718847  0.0145992 -0.2719 0.175844   0.0525319 0.15 1.24663
38   -0.482956 -0.943781 0.846558  0.0464786 -0.21976 0.0809076   0.0285004 0.15 1.3655
39   -0.423659 -1.13571 0.883331  0.0711176 -0.163412 -0.00612667   0.0158994 0.15 1.47247
40   -0.342436 -1.26906 0.836495  0.0905723 -0.102379 -0.0865686   0.0130895 0.15 1.54599
41   -0.243928 -1.33827 0.71206  0.105752 -0.0347432 -0.161332   0.0192093 0.15 1.57897
42   -0.132394 -1.33545 0.516226  0.116501 0.0421624 -0.228718   0.0338312 0.15 1.57062
43   -0.0128793 -1.25012 0.259563  0.121332 0.130411 -0.280897   0.0553159 0.15 1.51955
44   0.107299 -1.07175 -0.0344354  0.117247 0.226853 -0.299436   0.0774355 0.15 1.4178
45   0.217709 -0.798673 -0.3207  0.101607 0.316243 -0.263113   0.089781 0.15 1.26482
46   0.30708 -0.44872 -0.54297  0.0757733 0.377749 -0.174601   0.0894608 0.15 1.10481
47   0.367301 -0.0558193 -0.661045  0.0440338 0.401693 -0.0593217   0.0834077 0.15 1.0215
48   0.394407 0.342442 -0.66064  0.0100335 0.389029 0.0591372   0.0774707 0.15 1.07696
49   0.387462 0.711326 -0.547313  -0.0236833 0.343656 0.164002   0.0727785 0.15 1.23082
50   0.347962 1.02058 -0.342167  -0.0546137 0.270899 0.240305   0.0670575 0.15 1.40494
51   0.280146 1.24705 -0.0805669  -0.0798284 0.180084 0.275408   0.0573262 0.15 1.5436
52   0.190982 1.37912 0.194117  -0.0970943 0.0842771 0.267403   0.0440172 0.15 1.61856
53   0.0886902 1.41747 0.443364  -0.106208 -0.00617354 0.2268   0.0313783 0.15 1.62953
54   -0.0190909 1.36987 0.641032  -0.108281 -0.0874661 0.16594   0.0234555 0.15 1.58702
55   -0.125855 1.2455 0.770957  -0.104275 -0.159908 0.0920576   0.0224593 0.15 1.49976
56   -0.225669 1.05257 0.821654  -0.094317 -0.224775 0.00761041   0.0297388 0.15 1.37675
57   -0.312192 0.798301 0.782614  -0.0774189 -0.282507 -0.0875291   0.0467327 0.15 1.23678
58   -0.377407 0.490588 0.643078  -0.0511657 -0.330939 -0.192973   0.0746886 0.15 1.1223
59   -0.410177 0.142224 0.396278  -0.0119594 -0.361549 -0.298431   0.109961 0.15 1.09013
60   -0.397095 -0.220375 0.060329  0.0392086 -0.355984 -0.360423   0.129083 0.15 1.13217
61   -0.333543 -0.555041 -0.292252  0.0851933 -0.307949 -0.330123   0.105536 0.15 1.18324
62   -0.233204 -0.830753 -0.582009  0.11243 -0.2427 -0.245555   0.0659205 0.15 1.25648
63   -0.113638 -1.04061 -0.781195  0.124766 -0.17747 -0.153216   0.0352687 0.15 1.35748
64   0.0132244 -1.18663 -0.890114  0.12769 -0.11493 -0.0655771   0.0169069 0.15 1.45436
65   0.139528 -1.27087 -0.914077  0.123911 -0.0535648 0.0169271   0.00925477 0.15 1.52199
66   0.259077 -1.29337 -0.857415  0.114182 0.00895782 0.0959419   0.0111613 0.15 1.54994
67   0.365707 -1.2517 -0.723002  0.0978549 0.0752381 0.172445   0.0224868 0.15 1.53774
68   0.451931 -1.14077 -0.51393  0.0729137 0.14786 0.244479   0.0434743 0.15 1.49058
69   0.507592 -0.953536 -0.238785  0.0361753 0.227556 0.30167   0.0720475 0.15 1.4127
70   0.51981 -0.685691 0.0756066  -0.0136124 0.306523 0.317181   0.0973729 0.15 1.29734
71   0.478705 -0.348094 0.372229  -0.0681071 0.36287 0.26461   0.103166 0.15 1.15025
72   0.386859 0.0266763 0.587561  -0.113204 0.379933 0.160849   0.091518 0.15 1.04087
73   0.257492 0.399631 0.689315  -0.142935 0.360705 0.0425546   0.0761747 0.15 1.05329
74   0.105894 0.739005 0.675155  -0.157963 0.314128 -0.0686408   0.0641701 0.15 1.1825
75   -0.0541105 1.02102 0.557951  -0.159996 0.246904 -0.162135   0.0564242 0.15 1.35396
76   -0.210189 1.22765 0.359515  -0.150302 0.164226 -0.229726   0.0511676 0.15 1.51147
77   -0.351266 1.3464 0.109763  -0.130299 0.0724067 -0.263672   0.0458717 0.15 1.61992
78   -0.468147 1.37219 -0.15543  -0.102402 -0.0202616 -0.260723   0.0394366 0.15 1.66001
79   -0.554454 1.30815 -0.400858  -0.0696282 -0.10626 -0.225432   0.0334794 0.15 1.6315
80   -0.606544 1.16323 -0.598329  -0.0342285 -0.181659 -0.166162   0.0308908 0.15 1.54615
81   -0.622351 0.948714 -0.727393  0.00288254 -0.245416 -0.0893969   0.0341144 0.15 1.41824
82   -0.600194 0.676446 -0.772337  0.0417603 -0.296985 0.00179675   0.0449736 0.15 1.26618
83   -0.538105 0.359524 -0.719399  0.0827954 -0.334074 0.106119   0.0648608 0.15 1.12596
84   -0.433979 0.0152512 -0.557074  0.125586 -0.350052 0.218985   0.0931313 0.15 1.06172
85   -0.287708 -0.329164 -0.285628  0.165711 -0.331774 0.317812   0.119269 0.15 1.10773
86   -0.107649 -0.633695 0.0558041  0.190647 -0.271136 0.349736   0.116088 0.15 1.1984
87   0.0855789 -0.864914 0.385886  0.192313 -0.190872 0.300689   0.081915 0.15 1.28016
88   0.271843 -1.0176 0.64679  0.178459 -0.116247 0.219159   0.046696 0.15 1.36758
89   0.439993 -1.10082 0.82325  0.156915 -0.0516704 0.134044   0.02263 0.15 1.45245
90   0.584115 -1.12338 0.91582  0.130615 0.00559767 0.0515801   0.00987608 0.15 1.51297
91   0.699762 -1.09103 0.927151  0.0998869 0.0586209 -0.0286907   0.00711848 0.15 1.53568
92   0.782067 -1.00673 0.858602  0.0636552 0.109858 -0.10845   0.0139412 0.15 1.51735
93   0.824492 -0.871274 0.710066  0.0196392 0.161177 -0.188661   0.0309783 0.15 1.46356
94   0.817579 -0.684059 0.481933  -0.0356887 0.213329 -0.266532   0.0589112 0.15 1.38701
95   0.748255 -0.445277 0.182673  -0.105298 0.263128 -0.326388   0.0934265 0.15 1.29791
96   0.604411 -0.162955 -0.151631  -0.181767 0.297182 -0.328956   0.114784 0.15 1.18726
97   0.39088 0.137998 -0.448326  -0.240322 0.298905 -0.25374   0.105741 0.15 1.07515
98   0.134591 0.424928 -0.646778  -0.267136 0.271092 -0.140901   0.0823526 0.15 1.04942
99   -0.134564 0.67437 -0.730186  -0.267451 0.225625 -0.0273659   0.061593 0.15 1.14541
100   -0.393927 0.872758 -0.70572  -0.248492 0.169762 0.0737816   0.0480057 0.15 1.30307